30 34.5455
78 41.2121
301 47.2727
379 49.697
182 49.697
354 49.697
201 49.697
367 49.697
366 49.697
200 49.697
318 49.697
212 51.5152
342 54.5455
199 54.5455
211 54.5455
357 54.5455
198 54.5455
7 54.5455
163 54.5455
235 54.5455
138 56.3636
165 56.9697
261 58.1818
151 60.0
332 60.0
234 61.2121
104 64.8485
6 65.4545
227 65.4545
343 65.4545
9 65.4545
2 65.4545
369 65.4545
355 65.4545
307 65.4545
202 65.4545
283 65.4545
331 65.4545
166 64.8485
82 64.8485
170 65.4545
126 65.4545
356 66.6667
319 66.6667
175 66.6667
295 64.8485
264 65.4545
285 64.2424
368 66.6667
349 65.4545
120 64.8485
286 66.6667
246 65.4545
174 65.4545
18 67.8788
114 70.303
223 70.303
193 67.2727
253 65.4545
259 65.4545
361 64.8485
271 64.8485
230 64.2424
334 64.8485
247 64.8485
180 63.6364
224 64.8485
139 63.0303
263 63.6364
298 62.4242
383 64.2424
36 63.6364
116 63.0303
10 63.0303
266 62.4242
60 62.4242
289 63.0303
84 63.0303
262 61.2121
302 62.4242
194 62.4242
344 62.4242
80 61.8182
251 62.4242
272 61.8182
115 61.2121
325 63.0303
351 61.2121
207 61.2121
131 63.0303
203 63.6364
288 64.2424
111 63.6364
248 63.6364
8 63.6364
118 60.6061
348 61.2121
25 59.3939
31 61.2121
370 61.2121
195 61.2121
275 61.2121
176 61.2121
79 61.2121
358 61.2121
299 61.2121
94 61.2121
98 61.2121
270 60.0
250 60.6061
308 62.4242
257 61.2121
350 61.2121
177 61.2121
158 61.2121
13 61.2121
135 61.2121
154 59.3939
304 61.2121
162 62.4242
128 60.0
320 61.2121
127 63.0303
362 62.4242
95 60.6061
276 60.0
132 61.2121
284 62.4242
27 60.0
281 62.4242
149 62.4242
47 61.8182
21 62.4242
322 61.8182
62 60.0
150 63.6364
97 63.0303
353 60.6061
213 61.2121
164 60.6061
113 62.4242
86 61.8182
103 61.8182
1 61.2121
340 58.7879
129 61.8182
249 60.0
330 63.0303
178 63.0303
280 60.0
282 60.6061
371 61.2121
3 61.2121
19 61.2121
306 61.2121
