30 34.5455
78 41.2121
277 47.2727
251 49.697
318 50.9091
223 52.1212
199 52.1212
367 52.1212
355 52.1212
295 52.1212
7 52.1212
366 52.1212
9 52.1212
175 52.1212
354 52.1212
198 52.1212
163 52.1212
357 52.1212
369 52.1212
202 52.1212
2 52.1212
201 52.1212
177 52.1212
254 52.7273
182 52.7273
166 52.7273
332 53.9394
178 54.5455
131 56.3636
158 57.5758
319 57.5758
368 57.5758
343 57.5758
356 57.5758
331 57.5758
200 57.5758
306 56.3636
193 56.9697
151 58.1818
6 57.5758
283 57.5758
259 57.5758
307 57.5758
349 57.5758
358 57.5758
235 57.5758
211 57.5758
8 57.5758
271 57.5758
246 56.9697
106 56.9697
247 56.3636
206 56.9697
95 57.5758
162 59.3939
185 58.1818
194 57.5758
320 57.5758
323 56.9697
294 56.9697
71 56.3636
289 58.1818
371 58.7879
92 57.5758
127 56.9697
350 57.5758
32 57.5758
104 57.5758
261 58.7879
258 64.8485
348 59.3939
176 58.1818
55 60.0
68 61.2121
260 60.6061
13 61.2121
252 60.0
253 61.2121
102 60.6061
380 61.8182
282 60.6061
378 61.2121
94 63.0303
334 62.4242
207 63.6364
168 60.6061
159 61.2121
91 61.2121
46 60.0
171 61.8182
279 63.0303
370 63.0303
234 60.6061
382 60.6061
97 63.6364
31 63.6364
219 64.8485
143 60.6061
150 63.6364
362 59.3939
212 60.6061
43 63.6364
255 62.4242
19 62.4242
116 64.8485
10 64.8485
241 64.8485
195 64.8485
379 64.8485
62 59.3939
45 60.0
290 60.0
103 60.0
3 61.2121
174 60.0
144 57.5758
12 58.7879
344 61.2121
165 61.2121
228 60.0
35 60.0
132 60.0
108 60.6061
147 58.1818
79 60.6061
327 60.0
61 60.0
383 58.1818
21 59.3939
288 56.9697
126 57.5758
214 61.2121
273 60.0
96 60.0
83 60.6061
134 63.6364
67 63.6364
170 63.6364
361 63.6364
154 63.6364
342 63.6364
63 61.2121
322 58.7879
135 63.0303
153 64.2424
59 64.8485
56 65.4545
115 65.4545
291 64.2424
167 63.0303
44 62.4242
49 64.8485
213 63.6364
346 64.2424
169 63.6364
72 64.8485
285 63.6364
156 63.0303
58 64.2424
326 63.6364
267 65.4545
85 66.0606
51 63.6364
363 65.4545
80 65.4545
328 64.2424
70 64.8485
238 64.2424
217 66.6667
230 66.0606
308 66.0606
20 67.8788
330 71.5152
265 69.0909
210 66.0606
107 66.6667
27 65.4545
118 65.4545
98 64.8485
274 66.0606
351 66.0606
133 64.2424
36 66.6667
69 65.4545
317 67.8788
128 66.0606
197 64.2424
112 65.4545
270 65.4545
1 65.4545
139 64.8485
157 65.4545
225 66.6667
232 64.8485
164 64.8485
263 65.4545
297 67.8788
188 63.6364
138 63.6364
305 66.0606
93 65.4545
313 67.2727
196 64.2424
339 64.8485
222 64.2424
190 65.4545
257 63.6364
286 62.4242
155 63.6364
42 62.4242
375 62.4242
25 63.0303
22 62.4242
120 62.4242
215 64.8485
376 67.2727
23 66.0606
47 61.2121
76 64.2424
280 63.0303
345 63.6364
86 63.0303
364 64.2424
